{
 "cells": [
  {
   "cell_type": "code",
   "execution_count": 6,
   "id": "d5cdf567",
   "metadata": {},
   "outputs": [],
   "source": [
    "import pandas as pd\n",
    "import numpy as np\n",
    "df = pd.read_csv(\"C:/Users/Daniel Lara/Downloads/2008.csv\", nrows = 1e6)"
   ]
  },
  {
   "cell_type": "code",
   "execution_count": 2,
   "id": "974b3fc6",
   "metadata": {},
   "outputs": [],
   "source": [
    "df.dropna(inplace = True, subset= [\"ArrDelay\",\"DepDelay\"])"
   ]
  },
  {
   "cell_type": "code",
   "execution_count": 3,
   "id": "b2ebdd4b",
   "metadata": {},
   "outputs": [
    {
     "data": {
      "text/plain": [
       "array([[1.        , 0.93490112],\n",
       "       [0.93490112, 1.        ]])"
      ]
     },
     "execution_count": 3,
     "metadata": {},
     "output_type": "execute_result"
    }
   ],
   "source": [
    "np.corrcoef(df[\"ArrDelay\"],df[\"DepDelay\"])"
   ]
  },
  {
   "cell_type": "code",
   "execution_count": 14,
   "id": "842a7329",
   "metadata": {},
   "outputs": [
    {
     "data": {
      "text/plain": [
       "array([[1.        , 0.93490112, 0.17978801],\n",
       "       [0.93490112, 1.        , 0.21229661],\n",
       "       [0.17978801, 0.21229661, 1.        ]])"
      ]
     },
     "execution_count": 14,
     "metadata": {},
     "output_type": "execute_result"
    }
   ],
   "source": [
    "np.corrcoef([df[\"ArrDelay\"],df[\"DepDelay\"],df[\"DepTime\"]])"
   ]
  },
  {
   "cell_type": "code",
   "execution_count": 4,
   "id": "004d3e91",
   "metadata": {},
   "outputs": [
    {
     "data": {
      "text/html": [
       "<div>\n",
       "<style scoped>\n",
       "    .dataframe tbody tr th:only-of-type {\n",
       "        vertical-align: middle;\n",
       "    }\n",
       "\n",
       "    .dataframe tbody tr th {\n",
       "        vertical-align: top;\n",
       "    }\n",
       "\n",
       "    .dataframe thead th {\n",
       "        text-align: right;\n",
       "    }\n",
       "</style>\n",
       "<table border=\"1\" class=\"dataframe\">\n",
       "  <thead>\n",
       "    <tr style=\"text-align: right;\">\n",
       "      <th></th>\n",
       "      <th>DayofMonth</th>\n",
       "      <th>DayOfWeek</th>\n",
       "      <th>DepTime</th>\n",
       "      <th>CRSDepTime</th>\n",
       "      <th>ArrTime</th>\n",
       "      <th>CRSArrTime</th>\n",
       "      <th>FlightNum</th>\n",
       "      <th>ActualElapsedTime</th>\n",
       "      <th>CRSElapsedTime</th>\n",
       "      <th>AirTime</th>\n",
       "      <th>ArrDelay</th>\n",
       "      <th>DepDelay</th>\n",
       "      <th>Distance</th>\n",
       "      <th>TaxiIn</th>\n",
       "      <th>TaxiOut</th>\n",
       "      <th>CarrierDelay</th>\n",
       "      <th>WeatherDelay</th>\n",
       "      <th>NASDelay</th>\n",
       "      <th>SecurityDelay</th>\n",
       "      <th>LateAircraftDelay</th>\n",
       "    </tr>\n",
       "  </thead>\n",
       "  <tbody>\n",
       "    <tr>\n",
       "      <th>DayofMonth</th>\n",
       "      <td>1.000000</td>\n",
       "      <td>-0.051893</td>\n",
       "      <td>-0.004149</td>\n",
       "      <td>-0.002338</td>\n",
       "      <td>0.001970</td>\n",
       "      <td>-0.000563</td>\n",
       "      <td>-0.005089</td>\n",
       "      <td>0.009748</td>\n",
       "      <td>0.005772</td>\n",
       "      <td>0.007797</td>\n",
       "      <td>-0.016971</td>\n",
       "      <td>-0.025893</td>\n",
       "      <td>0.004336</td>\n",
       "      <td>-0.013975</td>\n",
       "      <td>0.020010</td>\n",
       "      <td>-0.026833</td>\n",
       "      <td>0.002860</td>\n",
       "      <td>0.046824</td>\n",
       "      <td>-0.018356</td>\n",
       "      <td>-0.010162</td>\n",
       "    </tr>\n",
       "    <tr>\n",
       "      <th>DayOfWeek</th>\n",
       "      <td>-0.051893</td>\n",
       "      <td>1.000000</td>\n",
       "      <td>0.006505</td>\n",
       "      <td>0.010266</td>\n",
       "      <td>0.005845</td>\n",
       "      <td>0.007485</td>\n",
       "      <td>-0.003372</td>\n",
       "      <td>0.005525</td>\n",
       "      <td>0.012497</td>\n",
       "      <td>0.009195</td>\n",
       "      <td>-0.020013</td>\n",
       "      <td>-0.009137</td>\n",
       "      <td>0.013937</td>\n",
       "      <td>0.007376</td>\n",
       "      <td>-0.023813</td>\n",
       "      <td>0.011215</td>\n",
       "      <td>-0.004178</td>\n",
       "      <td>-0.051235</td>\n",
       "      <td>0.008752</td>\n",
       "      <td>-0.002767</td>\n",
       "    </tr>\n",
       "    <tr>\n",
       "      <th>DepTime</th>\n",
       "      <td>-0.004149</td>\n",
       "      <td>0.006505</td>\n",
       "      <td>1.000000</td>\n",
       "      <td>0.967093</td>\n",
       "      <td>0.718832</td>\n",
       "      <td>0.801405</td>\n",
       "      <td>-0.001497</td>\n",
       "      <td>-0.033971</td>\n",
       "      <td>-0.025449</td>\n",
       "      <td>-0.031907</td>\n",
       "      <td>0.179788</td>\n",
       "      <td>0.212297</td>\n",
       "      <td>-0.021899</td>\n",
       "      <td>-0.028305</td>\n",
       "      <td>-0.007641</td>\n",
       "      <td>0.013935</td>\n",
       "      <td>0.004591</td>\n",
       "      <td>-0.031814</td>\n",
       "      <td>-0.008924</td>\n",
       "      <td>0.219831</td>\n",
       "    </tr>\n",
       "    <tr>\n",
       "      <th>CRSDepTime</th>\n",
       "      <td>-0.002338</td>\n",
       "      <td>0.010266</td>\n",
       "      <td>0.967093</td>\n",
       "      <td>1.000000</td>\n",
       "      <td>0.701446</td>\n",
       "      <td>0.800630</td>\n",
       "      <td>-0.013377</td>\n",
       "      <td>-0.031518</td>\n",
       "      <td>-0.020645</td>\n",
       "      <td>-0.027183</td>\n",
       "      <td>0.102853</td>\n",
       "      <td>0.132519</td>\n",
       "      <td>-0.014220</td>\n",
       "      <td>-0.032370</td>\n",
       "      <td>-0.018797</td>\n",
       "      <td>-0.046834</td>\n",
       "      <td>-0.022649</td>\n",
       "      <td>-0.074218</td>\n",
       "      <td>-0.009042</td>\n",
       "      <td>0.187314</td>\n",
       "    </tr>\n",
       "    <tr>\n",
       "      <th>ArrTime</th>\n",
       "      <td>0.001970</td>\n",
       "      <td>0.005845</td>\n",
       "      <td>0.718832</td>\n",
       "      <td>0.701446</td>\n",
       "      <td>1.000000</td>\n",
       "      <td>0.857240</td>\n",
       "      <td>-0.011925</td>\n",
       "      <td>0.027351</td>\n",
       "      <td>0.031429</td>\n",
       "      <td>0.026009</td>\n",
       "      <td>0.073489</td>\n",
       "      <td>0.087577</td>\n",
       "      <td>0.026093</td>\n",
       "      <td>0.009363</td>\n",
       "      <td>0.010162</td>\n",
       "      <td>-0.044245</td>\n",
       "      <td>-0.018817</td>\n",
       "      <td>0.016260</td>\n",
       "      <td>-0.004983</td>\n",
       "      <td>0.014447</td>\n",
       "    </tr>\n",
       "    <tr>\n",
       "      <th>CRSArrTime</th>\n",
       "      <td>-0.000563</td>\n",
       "      <td>0.007485</td>\n",
       "      <td>0.801405</td>\n",
       "      <td>0.800630</td>\n",
       "      <td>0.857240</td>\n",
       "      <td>1.000000</td>\n",
       "      <td>-0.025392</td>\n",
       "      <td>0.036679</td>\n",
       "      <td>0.047353</td>\n",
       "      <td>0.038180</td>\n",
       "      <td>0.098478</td>\n",
       "      <td>0.126896</td>\n",
       "      <td>0.044240</td>\n",
       "      <td>-0.002497</td>\n",
       "      <td>0.000617</td>\n",
       "      <td>-0.047146</td>\n",
       "      <td>-0.018615</td>\n",
       "      <td>-0.048304</td>\n",
       "      <td>-0.008037</td>\n",
       "      <td>0.161782</td>\n",
       "    </tr>\n",
       "    <tr>\n",
       "      <th>FlightNum</th>\n",
       "      <td>-0.005089</td>\n",
       "      <td>-0.003372</td>\n",
       "      <td>-0.001497</td>\n",
       "      <td>-0.013377</td>\n",
       "      <td>-0.011925</td>\n",
       "      <td>-0.025392</td>\n",
       "      <td>1.000000</td>\n",
       "      <td>-0.289356</td>\n",
       "      <td>-0.302250</td>\n",
       "      <td>-0.314668</td>\n",
       "      <td>0.068460</td>\n",
       "      <td>0.053206</td>\n",
       "      <td>-0.333416</td>\n",
       "      <td>0.023670</td>\n",
       "      <td>0.073521</td>\n",
       "      <td>0.094233</td>\n",
       "      <td>0.066190</td>\n",
       "      <td>0.010670</td>\n",
       "      <td>-0.006524</td>\n",
       "      <td>-0.021083</td>\n",
       "    </tr>\n",
       "    <tr>\n",
       "      <th>ActualElapsedTime</th>\n",
       "      <td>0.009748</td>\n",
       "      <td>0.005525</td>\n",
       "      <td>-0.033971</td>\n",
       "      <td>-0.031518</td>\n",
       "      <td>0.027351</td>\n",
       "      <td>0.036679</td>\n",
       "      <td>-0.289356</td>\n",
       "      <td>1.000000</td>\n",
       "      <td>0.977603</td>\n",
       "      <td>0.983909</td>\n",
       "      <td>0.062966</td>\n",
       "      <td>0.020822</td>\n",
       "      <td>0.956349</td>\n",
       "      <td>0.158391</td>\n",
       "      <td>0.256360</td>\n",
       "      <td>-0.044983</td>\n",
       "      <td>-0.010370</td>\n",
       "      <td>0.188094</td>\n",
       "      <td>-0.001425</td>\n",
       "      <td>-0.091541</td>\n",
       "    </tr>\n",
       "    <tr>\n",
       "      <th>CRSElapsedTime</th>\n",
       "      <td>0.005772</td>\n",
       "      <td>0.012497</td>\n",
       "      <td>-0.025449</td>\n",
       "      <td>-0.020645</td>\n",
       "      <td>0.031429</td>\n",
       "      <td>0.047353</td>\n",
       "      <td>-0.302250</td>\n",
       "      <td>0.977603</td>\n",
       "      <td>1.000000</td>\n",
       "      <td>0.987368</td>\n",
       "      <td>-0.022951</td>\n",
       "      <td>0.009131</td>\n",
       "      <td>0.978077</td>\n",
       "      <td>0.099275</td>\n",
       "      <td>0.123392</td>\n",
       "      <td>-0.010326</td>\n",
       "      <td>-0.024111</td>\n",
       "      <td>0.046358</td>\n",
       "      <td>0.001212</td>\n",
       "      <td>-0.046930</td>\n",
       "    </tr>\n",
       "    <tr>\n",
       "      <th>AirTime</th>\n",
       "      <td>0.007797</td>\n",
       "      <td>0.009195</td>\n",
       "      <td>-0.031907</td>\n",
       "      <td>-0.027183</td>\n",
       "      <td>0.026009</td>\n",
       "      <td>0.038180</td>\n",
       "      <td>-0.314668</td>\n",
       "      <td>0.983909</td>\n",
       "      <td>0.987368</td>\n",
       "      <td>1.000000</td>\n",
       "      <td>0.004612</td>\n",
       "      <td>0.004522</td>\n",
       "      <td>0.975308</td>\n",
       "      <td>0.082392</td>\n",
       "      <td>0.094641</td>\n",
       "      <td>-0.028101</td>\n",
       "      <td>-0.027663</td>\n",
       "      <td>0.075806</td>\n",
       "      <td>0.001673</td>\n",
       "      <td>-0.064661</td>\n",
       "    </tr>\n",
       "    <tr>\n",
       "      <th>ArrDelay</th>\n",
       "      <td>-0.016971</td>\n",
       "      <td>-0.020013</td>\n",
       "      <td>0.179788</td>\n",
       "      <td>0.102853</td>\n",
       "      <td>0.073489</td>\n",
       "      <td>0.098478</td>\n",
       "      <td>0.068460</td>\n",
       "      <td>0.062966</td>\n",
       "      <td>-0.022951</td>\n",
       "      <td>0.004612</td>\n",
       "      <td>1.000000</td>\n",
       "      <td>0.934901</td>\n",
       "      <td>-0.026296</td>\n",
       "      <td>0.118424</td>\n",
       "      <td>0.309567</td>\n",
       "      <td>0.476940</td>\n",
       "      <td>0.279551</td>\n",
       "      <td>0.357162</td>\n",
       "      <td>-0.006260</td>\n",
       "      <td>0.507945</td>\n",
       "    </tr>\n",
       "    <tr>\n",
       "      <th>DepDelay</th>\n",
       "      <td>-0.025893</td>\n",
       "      <td>-0.009137</td>\n",
       "      <td>0.212297</td>\n",
       "      <td>0.132519</td>\n",
       "      <td>0.087577</td>\n",
       "      <td>0.126896</td>\n",
       "      <td>0.053206</td>\n",
       "      <td>0.020822</td>\n",
       "      <td>0.009131</td>\n",
       "      <td>0.004522</td>\n",
       "      <td>0.934901</td>\n",
       "      <td>1.000000</td>\n",
       "      <td>0.004399</td>\n",
       "      <td>0.020033</td>\n",
       "      <td>0.092959</td>\n",
       "      <td>0.506839</td>\n",
       "      <td>0.255680</td>\n",
       "      <td>0.167083</td>\n",
       "      <td>-0.002860</td>\n",
       "      <td>0.551564</td>\n",
       "    </tr>\n",
       "    <tr>\n",
       "      <th>Distance</th>\n",
       "      <td>0.004336</td>\n",
       "      <td>0.013937</td>\n",
       "      <td>-0.021899</td>\n",
       "      <td>-0.014220</td>\n",
       "      <td>0.026093</td>\n",
       "      <td>0.044240</td>\n",
       "      <td>-0.333416</td>\n",
       "      <td>0.956349</td>\n",
       "      <td>0.978077</td>\n",
       "      <td>0.975308</td>\n",
       "      <td>-0.026296</td>\n",
       "      <td>0.004399</td>\n",
       "      <td>1.000000</td>\n",
       "      <td>0.070510</td>\n",
       "      <td>0.076459</td>\n",
       "      <td>-0.009092</td>\n",
       "      <td>-0.028149</td>\n",
       "      <td>0.018185</td>\n",
       "      <td>0.002166</td>\n",
       "      <td>-0.035306</td>\n",
       "    </tr>\n",
       "    <tr>\n",
       "      <th>TaxiIn</th>\n",
       "      <td>-0.013975</td>\n",
       "      <td>0.007376</td>\n",
       "      <td>-0.028305</td>\n",
       "      <td>-0.032370</td>\n",
       "      <td>0.009363</td>\n",
       "      <td>-0.002497</td>\n",
       "      <td>0.023670</td>\n",
       "      <td>0.158391</td>\n",
       "      <td>0.099275</td>\n",
       "      <td>0.082392</td>\n",
       "      <td>0.118424</td>\n",
       "      <td>0.020033</td>\n",
       "      <td>0.070510</td>\n",
       "      <td>1.000000</td>\n",
       "      <td>0.048334</td>\n",
       "      <td>-0.042360</td>\n",
       "      <td>0.006748</td>\n",
       "      <td>0.199826</td>\n",
       "      <td>-0.007527</td>\n",
       "      <td>-0.046949</td>\n",
       "    </tr>\n",
       "    <tr>\n",
       "      <th>TaxiOut</th>\n",
       "      <td>0.020010</td>\n",
       "      <td>-0.023813</td>\n",
       "      <td>-0.007641</td>\n",
       "      <td>-0.018797</td>\n",
       "      <td>0.010162</td>\n",
       "      <td>0.000617</td>\n",
       "      <td>0.073521</td>\n",
       "      <td>0.256360</td>\n",
       "      <td>0.123392</td>\n",
       "      <td>0.094641</td>\n",
       "      <td>0.309567</td>\n",
       "      <td>0.092959</td>\n",
       "      <td>0.076459</td>\n",
       "      <td>0.048334</td>\n",
       "      <td>1.000000</td>\n",
       "      <td>-0.060460</td>\n",
       "      <td>0.064435</td>\n",
       "      <td>0.410929</td>\n",
       "      <td>-0.009747</td>\n",
       "      <td>-0.108578</td>\n",
       "    </tr>\n",
       "    <tr>\n",
       "      <th>CarrierDelay</th>\n",
       "      <td>-0.026833</td>\n",
       "      <td>0.011215</td>\n",
       "      <td>0.013935</td>\n",
       "      <td>-0.046834</td>\n",
       "      <td>-0.044245</td>\n",
       "      <td>-0.047146</td>\n",
       "      <td>0.094233</td>\n",
       "      <td>-0.044983</td>\n",
       "      <td>-0.010326</td>\n",
       "      <td>-0.028101</td>\n",
       "      <td>0.476940</td>\n",
       "      <td>0.506839</td>\n",
       "      <td>-0.009092</td>\n",
       "      <td>-0.042360</td>\n",
       "      <td>-0.060460</td>\n",
       "      <td>1.000000</td>\n",
       "      <td>-0.059067</td>\n",
       "      <td>-0.139575</td>\n",
       "      <td>-0.019080</td>\n",
       "      <td>-0.155135</td>\n",
       "    </tr>\n",
       "    <tr>\n",
       "      <th>WeatherDelay</th>\n",
       "      <td>0.002860</td>\n",
       "      <td>-0.004178</td>\n",
       "      <td>0.004591</td>\n",
       "      <td>-0.022649</td>\n",
       "      <td>-0.018817</td>\n",
       "      <td>-0.018615</td>\n",
       "      <td>0.066190</td>\n",
       "      <td>-0.010370</td>\n",
       "      <td>-0.024111</td>\n",
       "      <td>-0.027663</td>\n",
       "      <td>0.279551</td>\n",
       "      <td>0.255680</td>\n",
       "      <td>-0.028149</td>\n",
       "      <td>0.006748</td>\n",
       "      <td>0.064435</td>\n",
       "      <td>-0.059067</td>\n",
       "      <td>1.000000</td>\n",
       "      <td>-0.018083</td>\n",
       "      <td>-0.007717</td>\n",
       "      <td>-0.049814</td>\n",
       "    </tr>\n",
       "    <tr>\n",
       "      <th>NASDelay</th>\n",
       "      <td>0.046824</td>\n",
       "      <td>-0.051235</td>\n",
       "      <td>-0.031814</td>\n",
       "      <td>-0.074218</td>\n",
       "      <td>0.016260</td>\n",
       "      <td>-0.048304</td>\n",
       "      <td>0.010670</td>\n",
       "      <td>0.188094</td>\n",
       "      <td>0.046358</td>\n",
       "      <td>0.075806</td>\n",
       "      <td>0.357162</td>\n",
       "      <td>0.167083</td>\n",
       "      <td>0.018185</td>\n",
       "      <td>0.199826</td>\n",
       "      <td>0.410929</td>\n",
       "      <td>-0.139575</td>\n",
       "      <td>-0.018083</td>\n",
       "      <td>1.000000</td>\n",
       "      <td>-0.017256</td>\n",
       "      <td>-0.150310</td>\n",
       "    </tr>\n",
       "    <tr>\n",
       "      <th>SecurityDelay</th>\n",
       "      <td>-0.018356</td>\n",
       "      <td>0.008752</td>\n",
       "      <td>-0.008924</td>\n",
       "      <td>-0.009042</td>\n",
       "      <td>-0.004983</td>\n",
       "      <td>-0.008037</td>\n",
       "      <td>-0.006524</td>\n",
       "      <td>-0.001425</td>\n",
       "      <td>0.001212</td>\n",
       "      <td>0.001673</td>\n",
       "      <td>-0.006260</td>\n",
       "      <td>-0.002860</td>\n",
       "      <td>0.002166</td>\n",
       "      <td>-0.007527</td>\n",
       "      <td>-0.009747</td>\n",
       "      <td>-0.019080</td>\n",
       "      <td>-0.007717</td>\n",
       "      <td>-0.017256</td>\n",
       "      <td>1.000000</td>\n",
       "      <td>-0.016765</td>\n",
       "    </tr>\n",
       "    <tr>\n",
       "      <th>LateAircraftDelay</th>\n",
       "      <td>-0.010162</td>\n",
       "      <td>-0.002767</td>\n",
       "      <td>0.219831</td>\n",
       "      <td>0.187314</td>\n",
       "      <td>0.014447</td>\n",
       "      <td>0.161782</td>\n",
       "      <td>-0.021083</td>\n",
       "      <td>-0.091541</td>\n",
       "      <td>-0.046930</td>\n",
       "      <td>-0.064661</td>\n",
       "      <td>0.507945</td>\n",
       "      <td>0.551564</td>\n",
       "      <td>-0.035306</td>\n",
       "      <td>-0.046949</td>\n",
       "      <td>-0.108578</td>\n",
       "      <td>-0.155135</td>\n",
       "      <td>-0.049814</td>\n",
       "      <td>-0.150310</td>\n",
       "      <td>-0.016765</td>\n",
       "      <td>1.000000</td>\n",
       "    </tr>\n",
       "  </tbody>\n",
       "</table>\n",
       "</div>"
      ],
      "text/plain": [
       "                   DayofMonth  DayOfWeek   DepTime  CRSDepTime   ArrTime  \\\n",
       "DayofMonth           1.000000  -0.051893 -0.004149   -0.002338  0.001970   \n",
       "DayOfWeek           -0.051893   1.000000  0.006505    0.010266  0.005845   \n",
       "DepTime             -0.004149   0.006505  1.000000    0.967093  0.718832   \n",
       "CRSDepTime          -0.002338   0.010266  0.967093    1.000000  0.701446   \n",
       "ArrTime              0.001970   0.005845  0.718832    0.701446  1.000000   \n",
       "CRSArrTime          -0.000563   0.007485  0.801405    0.800630  0.857240   \n",
       "FlightNum           -0.005089  -0.003372 -0.001497   -0.013377 -0.011925   \n",
       "ActualElapsedTime    0.009748   0.005525 -0.033971   -0.031518  0.027351   \n",
       "CRSElapsedTime       0.005772   0.012497 -0.025449   -0.020645  0.031429   \n",
       "AirTime              0.007797   0.009195 -0.031907   -0.027183  0.026009   \n",
       "ArrDelay            -0.016971  -0.020013  0.179788    0.102853  0.073489   \n",
       "DepDelay            -0.025893  -0.009137  0.212297    0.132519  0.087577   \n",
       "Distance             0.004336   0.013937 -0.021899   -0.014220  0.026093   \n",
       "TaxiIn              -0.013975   0.007376 -0.028305   -0.032370  0.009363   \n",
       "TaxiOut              0.020010  -0.023813 -0.007641   -0.018797  0.010162   \n",
       "CarrierDelay        -0.026833   0.011215  0.013935   -0.046834 -0.044245   \n",
       "WeatherDelay         0.002860  -0.004178  0.004591   -0.022649 -0.018817   \n",
       "NASDelay             0.046824  -0.051235 -0.031814   -0.074218  0.016260   \n",
       "SecurityDelay       -0.018356   0.008752 -0.008924   -0.009042 -0.004983   \n",
       "LateAircraftDelay   -0.010162  -0.002767  0.219831    0.187314  0.014447   \n",
       "\n",
       "                   CRSArrTime  FlightNum  ActualElapsedTime  CRSElapsedTime  \\\n",
       "DayofMonth          -0.000563  -0.005089           0.009748        0.005772   \n",
       "DayOfWeek            0.007485  -0.003372           0.005525        0.012497   \n",
       "DepTime              0.801405  -0.001497          -0.033971       -0.025449   \n",
       "CRSDepTime           0.800630  -0.013377          -0.031518       -0.020645   \n",
       "ArrTime              0.857240  -0.011925           0.027351        0.031429   \n",
       "CRSArrTime           1.000000  -0.025392           0.036679        0.047353   \n",
       "FlightNum           -0.025392   1.000000          -0.289356       -0.302250   \n",
       "ActualElapsedTime    0.036679  -0.289356           1.000000        0.977603   \n",
       "CRSElapsedTime       0.047353  -0.302250           0.977603        1.000000   \n",
       "AirTime              0.038180  -0.314668           0.983909        0.987368   \n",
       "ArrDelay             0.098478   0.068460           0.062966       -0.022951   \n",
       "DepDelay             0.126896   0.053206           0.020822        0.009131   \n",
       "Distance             0.044240  -0.333416           0.956349        0.978077   \n",
       "TaxiIn              -0.002497   0.023670           0.158391        0.099275   \n",
       "TaxiOut              0.000617   0.073521           0.256360        0.123392   \n",
       "CarrierDelay        -0.047146   0.094233          -0.044983       -0.010326   \n",
       "WeatherDelay        -0.018615   0.066190          -0.010370       -0.024111   \n",
       "NASDelay            -0.048304   0.010670           0.188094        0.046358   \n",
       "SecurityDelay       -0.008037  -0.006524          -0.001425        0.001212   \n",
       "LateAircraftDelay    0.161782  -0.021083          -0.091541       -0.046930   \n",
       "\n",
       "                    AirTime  ArrDelay  DepDelay  Distance    TaxiIn   TaxiOut  \\\n",
       "DayofMonth         0.007797 -0.016971 -0.025893  0.004336 -0.013975  0.020010   \n",
       "DayOfWeek          0.009195 -0.020013 -0.009137  0.013937  0.007376 -0.023813   \n",
       "DepTime           -0.031907  0.179788  0.212297 -0.021899 -0.028305 -0.007641   \n",
       "CRSDepTime        -0.027183  0.102853  0.132519 -0.014220 -0.032370 -0.018797   \n",
       "ArrTime            0.026009  0.073489  0.087577  0.026093  0.009363  0.010162   \n",
       "CRSArrTime         0.038180  0.098478  0.126896  0.044240 -0.002497  0.000617   \n",
       "FlightNum         -0.314668  0.068460  0.053206 -0.333416  0.023670  0.073521   \n",
       "ActualElapsedTime  0.983909  0.062966  0.020822  0.956349  0.158391  0.256360   \n",
       "CRSElapsedTime     0.987368 -0.022951  0.009131  0.978077  0.099275  0.123392   \n",
       "AirTime            1.000000  0.004612  0.004522  0.975308  0.082392  0.094641   \n",
       "ArrDelay           0.004612  1.000000  0.934901 -0.026296  0.118424  0.309567   \n",
       "DepDelay           0.004522  0.934901  1.000000  0.004399  0.020033  0.092959   \n",
       "Distance           0.975308 -0.026296  0.004399  1.000000  0.070510  0.076459   \n",
       "TaxiIn             0.082392  0.118424  0.020033  0.070510  1.000000  0.048334   \n",
       "TaxiOut            0.094641  0.309567  0.092959  0.076459  0.048334  1.000000   \n",
       "CarrierDelay      -0.028101  0.476940  0.506839 -0.009092 -0.042360 -0.060460   \n",
       "WeatherDelay      -0.027663  0.279551  0.255680 -0.028149  0.006748  0.064435   \n",
       "NASDelay           0.075806  0.357162  0.167083  0.018185  0.199826  0.410929   \n",
       "SecurityDelay      0.001673 -0.006260 -0.002860  0.002166 -0.007527 -0.009747   \n",
       "LateAircraftDelay -0.064661  0.507945  0.551564 -0.035306 -0.046949 -0.108578   \n",
       "\n",
       "                   CarrierDelay  WeatherDelay  NASDelay  SecurityDelay  \\\n",
       "DayofMonth            -0.026833      0.002860  0.046824      -0.018356   \n",
       "DayOfWeek              0.011215     -0.004178 -0.051235       0.008752   \n",
       "DepTime                0.013935      0.004591 -0.031814      -0.008924   \n",
       "CRSDepTime            -0.046834     -0.022649 -0.074218      -0.009042   \n",
       "ArrTime               -0.044245     -0.018817  0.016260      -0.004983   \n",
       "CRSArrTime            -0.047146     -0.018615 -0.048304      -0.008037   \n",
       "FlightNum              0.094233      0.066190  0.010670      -0.006524   \n",
       "ActualElapsedTime     -0.044983     -0.010370  0.188094      -0.001425   \n",
       "CRSElapsedTime        -0.010326     -0.024111  0.046358       0.001212   \n",
       "AirTime               -0.028101     -0.027663  0.075806       0.001673   \n",
       "ArrDelay               0.476940      0.279551  0.357162      -0.006260   \n",
       "DepDelay               0.506839      0.255680  0.167083      -0.002860   \n",
       "Distance              -0.009092     -0.028149  0.018185       0.002166   \n",
       "TaxiIn                -0.042360      0.006748  0.199826      -0.007527   \n",
       "TaxiOut               -0.060460      0.064435  0.410929      -0.009747   \n",
       "CarrierDelay           1.000000     -0.059067 -0.139575      -0.019080   \n",
       "WeatherDelay          -0.059067      1.000000 -0.018083      -0.007717   \n",
       "NASDelay              -0.139575     -0.018083  1.000000      -0.017256   \n",
       "SecurityDelay         -0.019080     -0.007717 -0.017256       1.000000   \n",
       "LateAircraftDelay     -0.155135     -0.049814 -0.150310      -0.016765   \n",
       "\n",
       "                   LateAircraftDelay  \n",
       "DayofMonth                 -0.010162  \n",
       "DayOfWeek                  -0.002767  \n",
       "DepTime                     0.219831  \n",
       "CRSDepTime                  0.187314  \n",
       "ArrTime                     0.014447  \n",
       "CRSArrTime                  0.161782  \n",
       "FlightNum                  -0.021083  \n",
       "ActualElapsedTime          -0.091541  \n",
       "CRSElapsedTime             -0.046930  \n",
       "AirTime                    -0.064661  \n",
       "ArrDelay                    0.507945  \n",
       "DepDelay                    0.551564  \n",
       "Distance                   -0.035306  \n",
       "TaxiIn                     -0.046949  \n",
       "TaxiOut                    -0.108578  \n",
       "CarrierDelay               -0.155135  \n",
       "WeatherDelay               -0.049814  \n",
       "NASDelay                   -0.150310  \n",
       "SecurityDelay              -0.016765  \n",
       "LateAircraftDelay           1.000000  "
      ]
     },
     "execution_count": 4,
     "metadata": {},
     "output_type": "execute_result"
    }
   ],
   "source": [
    "# se deben eliminar columans que vengan como objeto\n",
    "\n",
    "df.drop(inplace=True, columns=[\"Year\",\"Cancelled\",\"Diverted\",\"Month\"])\n",
    "df.corr()"
   ]
  },
  {
   "cell_type": "code",
   "execution_count": 5,
   "id": "7a499beb",
   "metadata": {},
   "outputs": [
    {
     "data": {
      "text/html": [
       "<style type=\"text/css\">\n",
       "#T_17671_row0_col0, #T_17671_row1_col1, #T_17671_row2_col2, #T_17671_row3_col3, #T_17671_row4_col4, #T_17671_row5_col5, #T_17671_row6_col6, #T_17671_row7_col7, #T_17671_row8_col8, #T_17671_row9_col9, #T_17671_row10_col10, #T_17671_row11_col11, #T_17671_row12_col12, #T_17671_row13_col13, #T_17671_row14_col14, #T_17671_row15_col15, #T_17671_row16_col16, #T_17671_row17_col17, #T_17671_row18_col18, #T_17671_row19_col19 {\n",
       "  background-color: #023858;\n",
       "  color: #f1f1f1;\n",
       "}\n",
       "#T_17671_row0_col1, #T_17671_row0_col11, #T_17671_row0_col18, #T_17671_row1_col0, #T_17671_row6_col7, #T_17671_row6_col8, #T_17671_row6_col9, #T_17671_row6_col12, #T_17671_row7_col2, #T_17671_row8_col10, #T_17671_row9_col2, #T_17671_row12_col6, #T_17671_row12_col10, #T_17671_row15_col4, #T_17671_row15_col5, #T_17671_row15_col16, #T_17671_row15_col18, #T_17671_row15_col19, #T_17671_row17_col1, #T_17671_row17_col2, #T_17671_row17_col3, #T_17671_row17_col5, #T_17671_row17_col18, #T_17671_row19_col13, #T_17671_row19_col14, #T_17671_row19_col15, #T_17671_row19_col17, #T_17671_row19_col18 {\n",
       "  background-color: #fff7fb;\n",
       "  color: #000000;\n",
       "}\n",
       "#T_17671_row0_col2, #T_17671_row1_col18, #T_17671_row6_col4, #T_17671_row9_col10, #T_17671_row9_col11, #T_17671_row9_col16, #T_17671_row10_col1, #T_17671_row12_col11, #T_17671_row12_col16, #T_17671_row16_col5 {\n",
       "  background-color: #fbf3f9;\n",
       "  color: #000000;\n",
       "}\n",
       "#T_17671_row0_col3, #T_17671_row6_col13, #T_17671_row7_col4, #T_17671_row9_col4, #T_17671_row12_col4, #T_17671_row14_col0 {\n",
       "  background-color: #f5eef6;\n",
       "  color: #000000;\n",
       "}\n",
       "#T_17671_row0_col4, #T_17671_row0_col5, #T_17671_row1_col4, #T_17671_row2_col0, #T_17671_row3_col0, #T_17671_row5_col0, #T_17671_row5_col13, #T_17671_row6_col0, #T_17671_row6_col1, #T_17671_row7_col11, #T_17671_row7_col16, #T_17671_row8_col3, #T_17671_row9_col3, #T_17671_row13_col4, #T_17671_row13_col5, #T_17671_row13_col11, #T_17671_row14_col5, #T_17671_row15_col2, #T_17671_row15_col14, #T_17671_row16_col1, #T_17671_row16_col3, #T_17671_row18_col16, #T_17671_row19_col1 {\n",
       "  background-color: #f8f1f8;\n",
       "  color: #000000;\n",
       "}\n",
       "#T_17671_row0_col6, #T_17671_row0_col9, #T_17671_row4_col7, #T_17671_row10_col9, #T_17671_row11_col9, #T_17671_row15_col12, #T_17671_row18_col6, #T_17671_row19_col2, #T_17671_row19_col3 {\n",
       "  background-color: #d2d2e7;\n",
       "  color: #000000;\n",
       "}\n",
       "#T_17671_row0_col7, #T_17671_row2_col11, #T_17671_row2_col12, #T_17671_row5_col6, #T_17671_row18_col8, #T_17671_row19_col6 {\n",
       "  background-color: #d4d4e8;\n",
       "  color: #000000;\n",
       "}\n",
       "#T_17671_row0_col8, #T_17671_row11_col2, #T_17671_row17_col13 {\n",
       "  background-color: #d3d4e7;\n",
       "  color: #000000;\n",
       "}\n",
       "#T_17671_row0_col10, #T_17671_row2_col18, #T_17671_row3_col18, #T_17671_row5_col18, #T_17671_row8_col2, #T_17671_row12_col2, #T_17671_row13_col18, #T_17671_row14_col18, #T_17671_row15_col17, #T_17671_row16_col18, #T_17671_row19_col16 {\n",
       "  background-color: #fef6fa;\n",
       "  color: #000000;\n",
       "}\n",
       "#T_17671_row0_col12, #T_17671_row5_col7, #T_17671_row11_col12, #T_17671_row18_col12 {\n",
       "  background-color: #d0d1e6;\n",
       "  color: #000000;\n",
       "}\n",
       "#T_17671_row0_col13, #T_17671_row3_col16, #T_17671_row6_col2, #T_17671_row7_col6, #T_17671_row8_col11, #T_17671_row8_col16, #T_17671_row10_col0, #T_17671_row18_col0 {\n",
       "  background-color: #faf3f9;\n",
       "  color: #000000;\n",
       "}\n",
       "#T_17671_row0_col14, #T_17671_row6_col19, #T_17671_row14_col11, #T_17671_row14_col16, #T_17671_row16_col17, #T_17671_row18_col17 {\n",
       "  background-color: #eee8f3;\n",
       "  color: #000000;\n",
       "}\n",
       "#T_17671_row0_col15, #T_17671_row4_col11, #T_17671_row9_col15, #T_17671_row10_col4, #T_17671_row12_col13 {\n",
       "  background-color: #eee9f3;\n",
       "  color: #000000;\n",
       "}\n",
       "#T_17671_row0_col16, #T_17671_row1_col5, #T_17671_row1_col13, #T_17671_row1_col16, #T_17671_row2_col1, #T_17671_row4_col0, #T_17671_row4_col1, #T_17671_row4_col13, #T_17671_row5_col1, #T_17671_row6_col3, #T_17671_row7_col1, #T_17671_row7_col19, #T_17671_row8_col0, #T_17671_row9_col0, #T_17671_row9_col1, #T_17671_row12_col0, #T_17671_row12_col3, #T_17671_row13_col1, #T_17671_row14_col3, #T_17671_row14_col4, #T_17671_row16_col0, #T_17671_row16_col13, #T_17671_row17_col4, #T_17671_row18_col1, #T_17671_row19_col4 {\n",
       "  background-color: #f7f0f7;\n",
       "  color: #000000;\n",
       "}\n",
       "#T_17671_row0_col17, #T_17671_row8_col17 {\n",
       "  background-color: #e2dfee;\n",
       "  color: #000000;\n",
       "}\n",
       "#T_17671_row0_col19, #T_17671_row3_col10, #T_17671_row8_col15, #T_17671_row11_col4, #T_17671_row12_col15 {\n",
       "  background-color: #ece7f2;\n",
       "  color: #000000;\n",
       "}\n",
       "#T_17671_row1_col2, #T_17671_row7_col3, #T_17671_row11_col1, #T_17671_row13_col3, #T_17671_row14_col19, #T_17671_row19_col0 {\n",
       "  background-color: #f9f2f8;\n",
       "  color: #000000;\n",
       "}\n",
       "#T_17671_row1_col3, #T_17671_row3_col14, #T_17671_row7_col5 {\n",
       "  background-color: #f3edf5;\n",
       "  color: #000000;\n",
       "}\n",
       "#T_17671_row1_col6, #T_17671_row1_col9, #T_17671_row2_col6 {\n",
       "  background-color: #d1d2e6;\n",
       "  color: #000000;\n",
       "}\n",
       "#T_17671_row1_col7, #T_17671_row10_col12, #T_17671_row16_col12 {\n",
       "  background-color: #d5d5e8;\n",
       "  color: #000000;\n",
       "}\n",
       "#T_17671_row1_col8, #T_17671_row3_col6, #T_17671_row3_col12, #T_17671_row4_col6, #T_17671_row11_col7, #T_17671_row11_col8, #T_17671_row18_col9 {\n",
       "  background-color: #d2d3e7;\n",
       "  color: #000000;\n",
       "}\n",
       "#T_17671_row1_col10, #T_17671_row13_col2, #T_17671_row15_col13, #T_17671_row17_col19 {\n",
       "  background-color: #fef6fb;\n",
       "  color: #000000;\n",
       "}\n",
       "#T_17671_row1_col11, #T_17671_row2_col13, #T_17671_row3_col13, #T_17671_row4_col18, #T_17671_row6_col18, #T_17671_row7_col18, #T_17671_row9_col6, #T_17671_row10_col18, #T_17671_row11_col18, #T_17671_row17_col15, #T_17671_row18_col10 {\n",
       "  background-color: #fdf5fa;\n",
       "  color: #000000;\n",
       "}\n",
       "#T_17671_row1_col12, #T_17671_row4_col9, #T_17671_row17_col6 {\n",
       "  background-color: #cdd0e5;\n",
       "  color: #000000;\n",
       "}\n",
       "#T_17671_row1_col14, #T_17671_row6_col11, #T_17671_row9_col19 {\n",
       "  background-color: #f4edf6;\n",
       "  color: #000000;\n",
       "}\n",
       "#T_17671_row1_col15, #T_17671_row4_col17, #T_17671_row13_col14 {\n",
       "  background-color: #e8e4f0;\n",
       "  color: #000000;\n",
       "}\n",
       "#T_17671_row1_col17, #T_17671_row5_col17, #T_17671_row7_col10, #T_17671_row9_col5, #T_17671_row12_col5, #T_17671_row14_col15, #T_17671_row16_col15, #T_17671_row18_col14 {\n",
       "  background-color: #f2ecf5;\n",
       "  color: #000000;\n",
       "}\n",
       "#T_17671_row1_col19 {\n",
       "  background-color: #ebe6f2;\n",
       "  color: #000000;\n",
       "}\n",
       "#T_17671_row2_col3 {\n",
       "  background-color: #023f64;\n",
       "  color: #f1f1f1;\n",
       "}\n",
       "#T_17671_row2_col4 {\n",
       "  background-color: #0c74b2;\n",
       "  color: #f1f1f1;\n",
       "}\n",
       "#T_17671_row2_col5, #T_17671_row3_col5 {\n",
       "  background-color: #05659f;\n",
       "  color: #f1f1f1;\n",
       "}\n",
       "#T_17671_row2_col7, #T_17671_row7_col13, #T_17671_row9_col17, #T_17671_row19_col8 {\n",
       "  background-color: #dcdaeb;\n",
       "  color: #000000;\n",
       "}\n",
       "#T_17671_row2_col8, #T_17671_row8_col14, #T_17671_row10_col8, #T_17671_row16_col8 {\n",
       "  background-color: #d9d8ea;\n",
       "  color: #000000;\n",
       "}\n",
       "#T_17671_row2_col9, #T_17671_row3_col8, #T_17671_row6_col15, #T_17671_row15_col9, #T_17671_row16_col7, #T_17671_row16_col9 {\n",
       "  background-color: #d8d7e9;\n",
       "  color: #000000;\n",
       "}\n",
       "#T_17671_row2_col10, #T_17671_row3_col7, #T_17671_row19_col5 {\n",
       "  background-color: #dbdaeb;\n",
       "  color: #000000;\n",
       "}\n",
       "#T_17671_row2_col14, #T_17671_row3_col15, #T_17671_row5_col15, #T_17671_row6_col10, #T_17671_row8_col5, #T_17671_row8_col19, #T_17671_row13_col19, #T_17671_row14_col13, #T_17671_row16_col19 {\n",
       "  background-color: #f1ebf5;\n",
       "  color: #000000;\n",
       "}\n",
       "#T_17671_row2_col15, #T_17671_row4_col19, #T_17671_row5_col11, #T_17671_row12_col17 {\n",
       "  background-color: #e7e3f0;\n",
       "  color: #000000;\n",
       "}\n",
       "#T_17671_row2_col16, #T_17671_row3_col1, #T_17671_row7_col0, #T_17671_row8_col1, #T_17671_row13_col16, #T_17671_row15_col1, #T_17671_row18_col3 {\n",
       "  background-color: #f6eff7;\n",
       "  color: #000000;\n",
       "}\n",
       "#T_17671_row2_col17, #T_17671_row5_col14, #T_17671_row12_col19, #T_17671_row13_col15 {\n",
       "  background-color: #f0eaf4;\n",
       "  color: #000000;\n",
       "}\n",
       "#T_17671_row2_col19, #T_17671_row14_col8, #T_17671_row14_col10 {\n",
       "  background-color: #b7c5df;\n",
       "  color: #000000;\n",
       "}\n",
       "#T_17671_row3_col2, #T_17671_row7_col12, #T_17671_row12_col7 {\n",
       "  background-color: #034165;\n",
       "  color: #f1f1f1;\n",
       "}\n",
       "#T_17671_row3_col4 {\n",
       "  background-color: #1379b5;\n",
       "  color: #f1f1f1;\n",
       "}\n",
       "#T_17671_row3_col9 {\n",
       "  background-color: #d7d6e9;\n",
       "  color: #000000;\n",
       "}\n",
       "#T_17671_row3_col11, #T_17671_row16_col14, #T_17671_row19_col7 {\n",
       "  background-color: #e6e2ef;\n",
       "  color: #000000;\n",
       "}\n",
       "#T_17671_row3_col17, #T_17671_row11_col13, #T_17671_row12_col1 {\n",
       "  background-color: #f5eff6;\n",
       "  color: #000000;\n",
       "}\n",
       "#T_17671_row3_col19, #T_17671_row7_col17 {\n",
       "  background-color: #c1cae2;\n",
       "  color: #000000;\n",
       "}\n",
       "#T_17671_row4_col2 {\n",
       "  background-color: #0d75b3;\n",
       "  color: #f1f1f1;\n",
       "}\n",
       "#T_17671_row4_col3 {\n",
       "  background-color: #1077b4;\n",
       "  color: #f1f1f1;\n",
       "}\n",
       "#T_17671_row4_col5 {\n",
       "  background-color: #045b8f;\n",
       "  color: #f1f1f1;\n",
       "}\n",
       "#T_17671_row4_col8 {\n",
       "  background-color: #ced0e6;\n",
       "  color: #000000;\n",
       "}\n",
       "#T_17671_row4_col10, #T_17671_row4_col15, #T_17671_row7_col15, #T_17671_row17_col0 {\n",
       "  background-color: #f1ebf4;\n",
       "  color: #000000;\n",
       "}\n",
       "#T_17671_row4_col12, #T_17671_row5_col8, #T_17671_row5_col9, #T_17671_row13_col6, #T_17671_row17_col8 {\n",
       "  background-color: #cacee5;\n",
       "  color: #000000;\n",
       "}\n",
       "#T_17671_row4_col14 {\n",
       "  background-color: #efe9f3;\n",
       "  color: #000000;\n",
       "}\n",
